{
  "cells": [
    {
      "cell_type": "markdown",
      "source": [
        "# IR 15. 데이터프레임과 티블\n",
        "\n",
        "> \"작성완료\"\n",
        "\n",
        "- toc:true\n",
        "- branch: master\n",
        "- badges: true\n",
        "- comments: true\n",
        "- [R]"
      ],
      "metadata": {
        "id": "Cynxm3gvrEq9"
      },
      "id": "Cynxm3gvrEq9"
    },
    {
      "cell_type": "markdown",
      "source": [
        "---\n",
        "# Introduce R \n",
        "- lecture: Introduce R_12nd week of lectures\n",
        "- lecture date: 2021-11-25, 2021-11-30\n",
        "- lecturer: Guebin choi\n",
        "- study date: 2022-03-04\n",
        "- author: Kione kim\n",
        "---"
      ],
      "metadata": {
        "id": "Ahn-IpfwrGhH"
      },
      "id": "Ahn-IpfwrGhH"
    },
    {
      "cell_type": "code",
      "execution_count": null,
      "id": "a5097617-2c11-46fd-bc72-f4bccd8064c2",
      "metadata": {
        "id": "a5097617-2c11-46fd-bc72-f4bccd8064c2"
      },
      "outputs": [],
      "source": [
        "#hide\n",
        "options(jupyter.plot_scale=3)\n",
        "options(jupyter.display_mimetypes=c(\"text/html\"))\n",
        "options(jupyter.rich_display=FALSE)\n",
        "options(repr.plot.width=6,repr.plot.height=6,repr.plot.res=300)\n",
        "options(max.print=200)\n",
        "library(tidyverse)"
      ]
    },
    {
      "cell_type": "markdown",
      "id": "1a315fc2-74b6-4681-9f78-758874d6485f",
      "metadata": {
        "id": "1a315fc2-74b6-4681-9f78-758874d6485f"
      },
      "source": [
        "## 데이터프레임과 티블"
      ]
    },
    {
      "cell_type": "markdown",
      "id": "42503074-caaf-44ea-b740-7923cc4d91ee",
      "metadata": {
        "id": "42503074-caaf-44ea-b740-7923cc4d91ee"
      },
      "source": [
        "### select"
      ]
    },
    {
      "cell_type": "markdown",
      "id": "ab59f85d-dcc9-420e-bfb8-d43568749fdc",
      "metadata": {
        "id": "ab59f85d-dcc9-420e-bfb8-d43568749fdc"
      },
      "source": [
        "`-` 길이가 50인 벡터 생성"
      ]
    },
    {
      "cell_type": "code",
      "execution_count": null,
      "id": "d57bcce5-7448-4b87-950e-be72a82caf99",
      "metadata": {
        "id": "d57bcce5-7448-4b87-950e-be72a82caf99"
      },
      "outputs": [],
      "source": [
        "mat <- rnorm(10*5)"
      ]
    },
    {
      "cell_type": "code",
      "execution_count": null,
      "id": "2ab10348-c44a-453f-803f-4455698ae7c9",
      "metadata": {
        "id": "2ab10348-c44a-453f-803f-4455698ae7c9",
        "outputId": "e595f8bb-0b0a-400a-edb4-c3d03a2754ca"
      },
      "outputs": [
        {
          "data": {
            "text/plain": [
              "      [,1]       [,2]        [,3]         [,4]        [,5]      \n",
              " [1,]  0.6188952 -1.47324602 -1.811596812  0.23493504  1.6030299\n",
              " [2,]  1.1234203 -0.13062711  0.536910378 -1.06902478 -1.1019994\n",
              " [3,] -1.1640834  0.42950292  1.039797098 -0.48786761  1.0290672\n",
              " [4,] -0.4619649  0.17467744  0.446152413 -0.65129325  1.7369748\n",
              " [5,]  0.9025218 -1.99136259 -0.628785532 -0.78158835  0.8885520\n",
              " [6,]  1.5839704 -0.01277074 -0.316288318  0.19919639  1.2245182\n",
              " [7,] -1.4052884  0.25464631  0.326502432 -0.06453136  0.9955310\n",
              " [8,]  1.3692567  1.07044367  0.667825711 -0.01833198  2.1911707\n",
              " [9,]  1.1376575 -1.10292092  0.003633486 -0.15285019  2.0136293\n",
              "[10,]  0.9572491 -0.38929943 -1.560471892 -0.36527248 -0.3761333"
            ]
          },
          "metadata": {},
          "output_type": "display_data"
        }
      ],
      "source": [
        "dim(mat) <- c(10,5)\n",
        "mat"
      ]
    },
    {
      "cell_type": "markdown",
      "id": "a6e45375-08ec-4168-ad3e-ecbd8d083be6",
      "metadata": {
        "id": "a6e45375-08ec-4168-ad3e-ecbd8d083be6"
      },
      "source": [
        "`-` 매트릭스를 티블로 변경"
      ]
    },
    {
      "cell_type": "code",
      "execution_count": null,
      "id": "1aff2d83-46ca-4c72-9ed8-215986fc03e4",
      "metadata": {
        "id": "1aff2d83-46ca-4c72-9ed8-215986fc03e4",
        "outputId": "c8ec7c85-3a9e-45c7-cc89-7ef866aee23e"
      },
      "outputs": [
        {
          "data": {
            "text/plain": [
              "   V1         V2          V3           V4          V5        \n",
              "1   0.6188952 -1.47324602 -1.811596812  0.23493504  1.6030299\n",
              "2   1.1234203 -0.13062711  0.536910378 -1.06902478 -1.1019994\n",
              "3  -1.1640834  0.42950292  1.039797098 -0.48786761  1.0290672\n",
              "4  -0.4619649  0.17467744  0.446152413 -0.65129325  1.7369748\n",
              "5   0.9025218 -1.99136259 -0.628785532 -0.78158835  0.8885520\n",
              "6   1.5839704 -0.01277074 -0.316288318  0.19919639  1.2245182\n",
              "7  -1.4052884  0.25464631  0.326502432 -0.06453136  0.9955310\n",
              "8   1.3692567  1.07044367  0.667825711 -0.01833198  2.1911707\n",
              "9   1.1376575 -1.10292092  0.003633486 -0.15285019  2.0136293\n",
              "10  0.9572491 -0.38929943 -1.560471892 -0.36527248 -0.3761333"
            ]
          },
          "metadata": {},
          "output_type": "display_data"
        }
      ],
      "source": [
        "tib = as_tibble(mat)\n",
        "tib"
      ]
    },
    {
      "cell_type": "markdown",
      "id": "2c0996d5-1c64-4028-a3a9-39fcc8743c11",
      "metadata": {
        "id": "2c0996d5-1c64-4028-a3a9-39fcc8743c11"
      },
      "source": [
        "- 경고 메시지는 열이름을 지정하지 않았기에 나타난 것이므로 신경쓰지 않아도 됨(V1,...,Vn 이 자동으로 들어감)"
      ]
    },
    {
      "cell_type": "markdown",
      "id": "e7e80448-3c29-4cda-a64a-068bf9f36f3f",
      "metadata": {
        "id": "e7e80448-3c29-4cda-a64a-068bf9f36f3f"
      },
      "source": [
        "`-` 컬럼 이름 변경"
      ]
    },
    {
      "cell_type": "code",
      "execution_count": null,
      "id": "04b58b3e-37ac-4c8f-95ce-aff8937698df",
      "metadata": {
        "id": "04b58b3e-37ac-4c8f-95ce-aff8937698df"
      },
      "outputs": [],
      "source": [
        "colnames(tib) = c('X1','X2','X3','X4','X5')"
      ]
    },
    {
      "cell_type": "code",
      "execution_count": null,
      "id": "78d31fab-466f-4806-828d-85dcfaf9d610",
      "metadata": {
        "id": "78d31fab-466f-4806-828d-85dcfaf9d610",
        "outputId": "442346dc-2c8a-4ad0-f89c-00d64ea61d12"
      },
      "outputs": [
        {
          "data": {
            "text/plain": [
              "   X1         X2          X3           X4          X5        \n",
              "1   0.6188952 -1.47324602 -1.811596812  0.23493504  1.6030299\n",
              "2   1.1234203 -0.13062711  0.536910378 -1.06902478 -1.1019994\n",
              "3  -1.1640834  0.42950292  1.039797098 -0.48786761  1.0290672\n",
              "4  -0.4619649  0.17467744  0.446152413 -0.65129325  1.7369748\n",
              "5   0.9025218 -1.99136259 -0.628785532 -0.78158835  0.8885520\n",
              "6   1.5839704 -0.01277074 -0.316288318  0.19919639  1.2245182\n",
              "7  -1.4052884  0.25464631  0.326502432 -0.06453136  0.9955310\n",
              "8   1.3692567  1.07044367  0.667825711 -0.01833198  2.1911707\n",
              "9   1.1376575 -1.10292092  0.003633486 -0.15285019  2.0136293\n",
              "10  0.9572491 -0.38929943 -1.560471892 -0.36527248 -0.3761333"
            ]
          },
          "metadata": {},
          "output_type": "display_data"
        }
      ],
      "source": [
        "tib"
      ]
    },
    {
      "cell_type": "markdown",
      "id": "7ad59130-5dd2-41fc-8a13-fd5e9128230a",
      "metadata": {
        "id": "7ad59130-5dd2-41fc-8a13-fd5e9128230a"
      },
      "source": [
        "`-` 원하는 컬럼 선택"
      ]
    },
    {
      "cell_type": "markdown",
      "id": "d7cbdfc0-935c-4cdd-a986-b314191b9c14",
      "metadata": {
        "id": "d7cbdfc0-935c-4cdd-a986-b314191b9c14"
      },
      "source": [
        "`-` 숫자로 선택가능"
      ]
    },
    {
      "cell_type": "code",
      "execution_count": null,
      "id": "d857a471-639d-46e4-af92-5e2c7a6bd90e",
      "metadata": {
        "id": "d857a471-639d-46e4-af92-5e2c7a6bd90e",
        "outputId": "1ac7d4e0-587d-41a8-8bab-4c3345e7521c"
      },
      "outputs": [
        {
          "data": {
            "text/plain": [
              "   X1         X2          X3           X5        \n",
              "1   0.6188952 -1.47324602 -1.811596812  1.6030299\n",
              "2   1.1234203 -0.13062711  0.536910378 -1.1019994\n",
              "3  -1.1640834  0.42950292  1.039797098  1.0290672\n",
              "4  -0.4619649  0.17467744  0.446152413  1.7369748\n",
              "5   0.9025218 -1.99136259 -0.628785532  0.8885520\n",
              "6   1.5839704 -0.01277074 -0.316288318  1.2245182\n",
              "7  -1.4052884  0.25464631  0.326502432  0.9955310\n",
              "8   1.3692567  1.07044367  0.667825711  2.1911707\n",
              "9   1.1376575 -1.10292092  0.003633486  2.0136293\n",
              "10  0.9572491 -0.38929943 -1.560471892 -0.3761333"
            ]
          },
          "metadata": {},
          "output_type": "display_data"
        }
      ],
      "source": [
        "select(tib,1:3,5)"
      ]
    },
    {
      "cell_type": "markdown",
      "id": "6e3b5c3b-d5ca-47d6-bb0e-50787e0a51f2",
      "metadata": {
        "id": "6e3b5c3b-d5ca-47d6-bb0e-50787e0a51f2"
      },
      "source": [
        "`-` 컬럼 이름으로 선택가능"
      ]
    },
    {
      "cell_type": "code",
      "execution_count": null,
      "id": "6e8b2856-5144-408b-a52f-fe9e5eeb8076",
      "metadata": {
        "id": "6e8b2856-5144-408b-a52f-fe9e5eeb8076",
        "outputId": "b1d96911-2a52-40e0-a0ba-e01498d30080"
      },
      "outputs": [
        {
          "data": {
            "text/plain": [
              "   X1         X2          X3           X5        \n",
              "1   0.6188952 -1.47324602 -1.811596812  1.6030299\n",
              "2   1.1234203 -0.13062711  0.536910378 -1.1019994\n",
              "3  -1.1640834  0.42950292  1.039797098  1.0290672\n",
              "4  -0.4619649  0.17467744  0.446152413  1.7369748\n",
              "5   0.9025218 -1.99136259 -0.628785532  0.8885520\n",
              "6   1.5839704 -0.01277074 -0.316288318  1.2245182\n",
              "7  -1.4052884  0.25464631  0.326502432  0.9955310\n",
              "8   1.3692567  1.07044367  0.667825711  2.1911707\n",
              "9   1.1376575 -1.10292092  0.003633486  2.0136293\n",
              "10  0.9572491 -0.38929943 -1.560471892 -0.3761333"
            ]
          },
          "metadata": {},
          "output_type": "display_data"
        }
      ],
      "source": [
        "select(tib,X1:X3,X5)"
      ]
    },
    {
      "cell_type": "markdown",
      "id": "f07198dc-3133-4dd5-9e7a-f918a28612b6",
      "metadata": {
        "id": "f07198dc-3133-4dd5-9e7a-f918a28612b6"
      },
      "source": [
        "`-` 숫자, 열 이름 혼합하여 선택 가능"
      ]
    },
    {
      "cell_type": "code",
      "execution_count": null,
      "id": "409eda7a-3b05-43ea-a60c-cd82a0b538e8",
      "metadata": {
        "id": "409eda7a-3b05-43ea-a60c-cd82a0b538e8",
        "outputId": "bf5b0161-d723-4171-b85d-6ca8dc87928e"
      },
      "outputs": [
        {
          "data": {
            "text/plain": [
              "   X2          X3           X4          X5        \n",
              "1  -1.47324602 -1.811596812  0.23493504  1.6030299\n",
              "2  -0.13062711  0.536910378 -1.06902478 -1.1019994\n",
              "3   0.42950292  1.039797098 -0.48786761  1.0290672\n",
              "4   0.17467744  0.446152413 -0.65129325  1.7369748\n",
              "5  -1.99136259 -0.628785532 -0.78158835  0.8885520\n",
              "6  -0.01277074 -0.316288318  0.19919639  1.2245182\n",
              "7   0.25464631  0.326502432 -0.06453136  0.9955310\n",
              "8   1.07044367  0.667825711 -0.01833198  2.1911707\n",
              "9  -1.10292092  0.003633486 -0.15285019  2.0136293\n",
              "10 -0.38929943 -1.560471892 -0.36527248 -0.3761333"
            ]
          },
          "metadata": {},
          "output_type": "display_data"
        }
      ],
      "source": [
        "select(tib,X2:X4,5)"
      ]
    },
    {
      "cell_type": "code",
      "execution_count": null,
      "id": "308bfded-144e-4bad-9d34-747cfd715dc3",
      "metadata": {
        "id": "308bfded-144e-4bad-9d34-747cfd715dc3",
        "outputId": "d9b85a5b-1f00-4a4f-efbc-67039e87b431"
      },
      "outputs": [
        {
          "data": {
            "text/plain": [
              "   X2          X3           X4          X5        \n",
              "1  -1.47324602 -1.811596812  0.23493504  1.6030299\n",
              "2  -0.13062711  0.536910378 -1.06902478 -1.1019994\n",
              "3   0.42950292  1.039797098 -0.48786761  1.0290672\n",
              "4   0.17467744  0.446152413 -0.65129325  1.7369748\n",
              "5  -1.99136259 -0.628785532 -0.78158835  0.8885520\n",
              "6  -0.01277074 -0.316288318  0.19919639  1.2245182\n",
              "7   0.25464631  0.326502432 -0.06453136  0.9955310\n",
              "8   1.07044367  0.667825711 -0.01833198  2.1911707\n",
              "9  -1.10292092  0.003633486 -0.15285019  2.0136293\n",
              "10 -0.38929943 -1.560471892 -0.36527248 -0.3761333"
            ]
          },
          "metadata": {},
          "output_type": "display_data"
        }
      ],
      "source": [
        "select(tib,2:4,X5)"
      ]
    },
    {
      "cell_type": "code",
      "execution_count": null,
      "id": "270ebb8f-daba-4d87-bad2-ad4b4e962ed8",
      "metadata": {
        "id": "270ebb8f-daba-4d87-bad2-ad4b4e962ed8",
        "outputId": "12fc9f74-efcc-41ac-bb03-25f3b0a2e083"
      },
      "outputs": [
        {
          "data": {
            "text/plain": [
              "   X1         X2          X3           X5        \n",
              "1   0.6188952 -1.47324602 -1.811596812  1.6030299\n",
              "2   1.1234203 -0.13062711  0.536910378 -1.1019994\n",
              "3  -1.1640834  0.42950292  1.039797098  1.0290672\n",
              "4  -0.4619649  0.17467744  0.446152413  1.7369748\n",
              "5   0.9025218 -1.99136259 -0.628785532  0.8885520\n",
              "6   1.5839704 -0.01277074 -0.316288318  1.2245182\n",
              "7  -1.4052884  0.25464631  0.326502432  0.9955310\n",
              "8   1.3692567  1.07044367  0.667825711  2.1911707\n",
              "9   1.1376575 -1.10292092  0.003633486  2.0136293\n",
              "10  0.9572491 -0.38929943 -1.560471892 -0.3761333"
            ]
          },
          "metadata": {},
          "output_type": "display_data"
        }
      ],
      "source": [
        "tib %>% select(1:3,5)"
      ]
    },
    {
      "cell_type": "code",
      "execution_count": null,
      "id": "674d6c0e-eec7-475f-9820-9376deb80aa3",
      "metadata": {
        "id": "674d6c0e-eec7-475f-9820-9376deb80aa3",
        "outputId": "662b63c6-a676-4cad-bb58-9373e8c35da3"
      },
      "outputs": [
        {
          "data": {
            "text/plain": [
              "   X1         X2          X3           X5        \n",
              "1   0.6188952 -1.47324602 -1.811596812  1.6030299\n",
              "2   1.1234203 -0.13062711  0.536910378 -1.1019994\n",
              "3  -1.1640834  0.42950292  1.039797098  1.0290672\n",
              "4  -0.4619649  0.17467744  0.446152413  1.7369748\n",
              "5   0.9025218 -1.99136259 -0.628785532  0.8885520\n",
              "6   1.5839704 -0.01277074 -0.316288318  1.2245182\n",
              "7  -1.4052884  0.25464631  0.326502432  0.9955310\n",
              "8   1.3692567  1.07044367  0.667825711  2.1911707\n",
              "9   1.1376575 -1.10292092  0.003633486  2.0136293\n",
              "10  0.9572491 -0.38929943 -1.560471892 -0.3761333"
            ]
          },
          "metadata": {},
          "output_type": "display_data"
        }
      ],
      "source": [
        "tib %>% select(X1:X3,X5)"
      ]
    },
    {
      "cell_type": "code",
      "execution_count": null,
      "id": "4743134d-0a30-4af5-aa68-c23dd054ed1e",
      "metadata": {
        "id": "4743134d-0a30-4af5-aa68-c23dd054ed1e",
        "outputId": "a5490862-a28c-4b8f-d4c0-246878a4b776"
      },
      "outputs": [
        {
          "data": {
            "text/plain": [
              "   X2          X3           X4          X5        \n",
              "1  -1.47324602 -1.811596812  0.23493504  1.6030299\n",
              "2  -0.13062711  0.536910378 -1.06902478 -1.1019994\n",
              "3   0.42950292  1.039797098 -0.48786761  1.0290672\n",
              "4   0.17467744  0.446152413 -0.65129325  1.7369748\n",
              "5  -1.99136259 -0.628785532 -0.78158835  0.8885520\n",
              "6  -0.01277074 -0.316288318  0.19919639  1.2245182\n",
              "7   0.25464631  0.326502432 -0.06453136  0.9955310\n",
              "8   1.07044367  0.667825711 -0.01833198  2.1911707\n",
              "9  -1.10292092  0.003633486 -0.15285019  2.0136293\n",
              "10 -0.38929943 -1.560471892 -0.36527248 -0.3761333"
            ]
          },
          "metadata": {},
          "output_type": "display_data"
        }
      ],
      "source": [
        "tib %>% select(X2:X4,5)"
      ]
    },
    {
      "cell_type": "code",
      "execution_count": null,
      "id": "8d018413-4b2d-4525-ba90-a83783693a2d",
      "metadata": {
        "id": "8d018413-4b2d-4525-ba90-a83783693a2d",
        "outputId": "cfc8d4fa-1dc2-4daf-865c-661b50f04b5c"
      },
      "outputs": [
        {
          "data": {
            "text/plain": [
              "   X2          X3           X4          X5        \n",
              "1  -1.47324602 -1.811596812  0.23493504  1.6030299\n",
              "2  -0.13062711  0.536910378 -1.06902478 -1.1019994\n",
              "3   0.42950292  1.039797098 -0.48786761  1.0290672\n",
              "4   0.17467744  0.446152413 -0.65129325  1.7369748\n",
              "5  -1.99136259 -0.628785532 -0.78158835  0.8885520\n",
              "6  -0.01277074 -0.316288318  0.19919639  1.2245182\n",
              "7   0.25464631  0.326502432 -0.06453136  0.9955310\n",
              "8   1.07044367  0.667825711 -0.01833198  2.1911707\n",
              "9  -1.10292092  0.003633486 -0.15285019  2.0136293\n",
              "10 -0.38929943 -1.560471892 -0.36527248 -0.3761333"
            ]
          },
          "metadata": {},
          "output_type": "display_data"
        }
      ],
      "source": [
        "tib %>% select(2:4,X5)"
      ]
    },
    {
      "cell_type": "markdown",
      "id": "60097e7e-4d5b-448c-98e1-1a4047ea70df",
      "metadata": {
        "id": "60097e7e-4d5b-448c-98e1-1a4047ea70df"
      },
      "source": [
        "`-` 다른 변수에 저장"
      ]
    },
    {
      "cell_type": "code",
      "execution_count": null,
      "id": "f65ed719-5a5a-46fb-90d0-483816700059",
      "metadata": {
        "id": "f65ed719-5a5a-46fb-90d0-483816700059"
      },
      "outputs": [],
      "source": [
        "tib %>% select(1:3) -> \n",
        "B"
      ]
    },
    {
      "cell_type": "markdown",
      "id": "d7f49ea5-ce3a-473c-9760-8f831aa99ed9",
      "metadata": {
        "id": "d7f49ea5-ce3a-473c-9760-8f831aa99ed9"
      },
      "source": [
        "`-` 특정 컬럼 제외"
      ]
    },
    {
      "cell_type": "code",
      "execution_count": null,
      "id": "e5186dcb-8265-4bd6-a6c5-1f27030c2d76",
      "metadata": {
        "id": "e5186dcb-8265-4bd6-a6c5-1f27030c2d76",
        "outputId": "d15ca1aa-c8bb-448a-88ab-20188169df6a"
      },
      "outputs": [
        {
          "data": {
            "text/plain": [
              "   X2          X3           X4          X5        \n",
              "1  -1.47324602 -1.811596812  0.23493504  1.6030299\n",
              "2  -0.13062711  0.536910378 -1.06902478 -1.1019994\n",
              "3   0.42950292  1.039797098 -0.48786761  1.0290672\n",
              "4   0.17467744  0.446152413 -0.65129325  1.7369748\n",
              "5  -1.99136259 -0.628785532 -0.78158835  0.8885520\n",
              "6  -0.01277074 -0.316288318  0.19919639  1.2245182\n",
              "7   0.25464631  0.326502432 -0.06453136  0.9955310\n",
              "8   1.07044367  0.667825711 -0.01833198  2.1911707\n",
              "9  -1.10292092  0.003633486 -0.15285019  2.0136293\n",
              "10 -0.38929943 -1.560471892 -0.36527248 -0.3761333"
            ]
          },
          "metadata": {},
          "output_type": "display_data"
        }
      ],
      "source": [
        "tib %>% select(-X1)"
      ]
    },
    {
      "cell_type": "code",
      "execution_count": null,
      "id": "980368f1-eb4c-46f6-a597-d4ee78d210c4",
      "metadata": {
        "id": "980368f1-eb4c-46f6-a597-d4ee78d210c4",
        "outputId": "9d575931-2fef-4fe1-bb8e-c7d6b62ef316"
      },
      "outputs": [
        {
          "data": {
            "text/plain": [
              "   X3           X4          X5        \n",
              "1  -1.811596812  0.23493504  1.6030299\n",
              "2   0.536910378 -1.06902478 -1.1019994\n",
              "3   1.039797098 -0.48786761  1.0290672\n",
              "4   0.446152413 -0.65129325  1.7369748\n",
              "5  -0.628785532 -0.78158835  0.8885520\n",
              "6  -0.316288318  0.19919639  1.2245182\n",
              "7   0.326502432 -0.06453136  0.9955310\n",
              "8   0.667825711 -0.01833198  2.1911707\n",
              "9   0.003633486 -0.15285019  2.0136293\n",
              "10 -1.560471892 -0.36527248 -0.3761333"
            ]
          },
          "metadata": {},
          "output_type": "display_data"
        }
      ],
      "source": [
        "tib %>% select(-(X1:X2))"
      ]
    },
    {
      "cell_type": "code",
      "execution_count": null,
      "id": "b19e014d-c2aa-4705-aef3-0dd9107324c3",
      "metadata": {
        "id": "b19e014d-c2aa-4705-aef3-0dd9107324c3",
        "outputId": "70e88a4d-f055-4a37-9f82-25c84a4b522c"
      },
      "outputs": [
        {
          "name": "stderr",
          "output_type": "stream",
          "text": [
            "Warning message in x:y:\n",
            "\"수치형 표현식(numerical expression)은 4개의 구성요소들을 가지고 있기 때문에 오로지 첫번째 것만을 사용합니다.\"\n"
          ]
        },
        {
          "data": {
            "text/plain": [
              "   X2         \n",
              "1  -1.47324602\n",
              "2  -0.13062711\n",
              "3   0.42950292\n",
              "4   0.17467744\n",
              "5  -1.99136259\n",
              "6  -0.01277074\n",
              "7   0.25464631\n",
              "8   1.07044367\n",
              "9  -1.10292092\n",
              "10 -0.38929943"
            ]
          },
          "metadata": {},
          "output_type": "display_data"
        }
      ],
      "source": [
        "tib %>% select(-X1:X2)"
      ]
    },
    {
      "cell_type": "markdown",
      "id": "d98d465e-a6cd-4503-bb43-c97a815d9008",
      "metadata": {
        "id": "d98d465e-a6cd-4503-bb43-c97a815d9008"
      },
      "source": [
        "- 당연히 괄호를 해주어야 함"
      ]
    },
    {
      "cell_type": "code",
      "execution_count": null,
      "id": "dc8185f1-6528-4d6b-affe-b7424ca0de6c",
      "metadata": {
        "id": "dc8185f1-6528-4d6b-affe-b7424ca0de6c",
        "outputId": "ffc7f8f3-d2a2-4ea5-956c-18bf6996742e"
      },
      "outputs": [
        {
          "data": {
            "text/plain": [
              "   X4          X5        \n",
              "1   0.23493504  1.6030299\n",
              "2  -1.06902478 -1.1019994\n",
              "3  -0.48786761  1.0290672\n",
              "4  -0.65129325  1.7369748\n",
              "5  -0.78158835  0.8885520\n",
              "6   0.19919639  1.2245182\n",
              "7  -0.06453136  0.9955310\n",
              "8  -0.01833198  2.1911707\n",
              "9  -0.15285019  2.0136293\n",
              "10 -0.36527248 -0.3761333"
            ]
          },
          "metadata": {},
          "output_type": "display_data"
        }
      ],
      "source": [
        "tib %>% select(-(1:3))"
      ]
    },
    {
      "cell_type": "markdown",
      "id": "2bfdedd3-4f8c-4e77-bee5-fb6fd61a024a",
      "metadata": {
        "tags": [],
        "id": "2bfdedd3-4f8c-4e77-bee5-fb6fd61a024a"
      },
      "source": [
        "`select(starts_with()):` ( )로 시작하는 열"
      ]
    },
    {
      "cell_type": "code",
      "execution_count": null,
      "id": "9fb8777b-cf96-4a84-8c70-e69f5367481f",
      "metadata": {
        "id": "9fb8777b-cf96-4a84-8c70-e69f5367481f"
      },
      "outputs": [],
      "source": [
        "colnames(tib) = c('X1','X2','Y1','XY1','XY2')"
      ]
    },
    {
      "cell_type": "code",
      "execution_count": null,
      "id": "28938d6b-93e4-498b-80bf-55bbb1b40f9d",
      "metadata": {
        "id": "28938d6b-93e4-498b-80bf-55bbb1b40f9d",
        "outputId": "d73011bc-0d55-4b72-f45f-69b0d7d5e0fc"
      },
      "outputs": [
        {
          "data": {
            "text/plain": [
              "   X1         X2          Y1           XY1         XY2       \n",
              "1   0.6188952 -1.47324602 -1.811596812  0.23493504  1.6030299\n",
              "2   1.1234203 -0.13062711  0.536910378 -1.06902478 -1.1019994\n",
              "3  -1.1640834  0.42950292  1.039797098 -0.48786761  1.0290672\n",
              "4  -0.4619649  0.17467744  0.446152413 -0.65129325  1.7369748\n",
              "5   0.9025218 -1.99136259 -0.628785532 -0.78158835  0.8885520\n",
              "6   1.5839704 -0.01277074 -0.316288318  0.19919639  1.2245182\n",
              "7  -1.4052884  0.25464631  0.326502432 -0.06453136  0.9955310\n",
              "8   1.3692567  1.07044367  0.667825711 -0.01833198  2.1911707\n",
              "9   1.1376575 -1.10292092  0.003633486 -0.15285019  2.0136293\n",
              "10  0.9572491 -0.38929943 -1.560471892 -0.36527248 -0.3761333"
            ]
          },
          "metadata": {},
          "output_type": "display_data"
        }
      ],
      "source": [
        "tib"
      ]
    },
    {
      "cell_type": "code",
      "execution_count": null,
      "id": "95cfa23e-6661-47f0-8c8b-f2397406485d",
      "metadata": {
        "id": "95cfa23e-6661-47f0-8c8b-f2397406485d",
        "outputId": "ba4d36e0-7a14-4d17-ea8c-bff502c0dfe3"
      },
      "outputs": [
        {
          "data": {
            "text/plain": [
              "   XY1         XY2       \n",
              "1   0.23493504  1.6030299\n",
              "2  -1.06902478 -1.1019994\n",
              "3  -0.48786761  1.0290672\n",
              "4  -0.65129325  1.7369748\n",
              "5  -0.78158835  0.8885520\n",
              "6   0.19919639  1.2245182\n",
              "7  -0.06453136  0.9955310\n",
              "8  -0.01833198  2.1911707\n",
              "9  -0.15285019  2.0136293\n",
              "10 -0.36527248 -0.3761333"
            ]
          },
          "metadata": {},
          "output_type": "display_data"
        }
      ],
      "source": [
        "tib %>% select(starts_with('XY'))"
      ]
    },
    {
      "cell_type": "markdown",
      "id": "50e1481d-dbf4-4993-91ef-65243d7237a3",
      "metadata": {
        "id": "50e1481d-dbf4-4993-91ef-65243d7237a3"
      },
      "source": [
        "`select(ends_with):` ( )로 끝나는 열"
      ]
    },
    {
      "cell_type": "code",
      "execution_count": null,
      "id": "c24bd35c-7298-4786-a3c6-bbe5a3f76a82",
      "metadata": {
        "id": "c24bd35c-7298-4786-a3c6-bbe5a3f76a82",
        "outputId": "e38fc2f2-7c29-49fb-e056-af772215315e"
      },
      "outputs": [
        {
          "data": {
            "text/plain": [
              "   X1         Y1           XY1        \n",
              "1   0.6188952 -1.811596812  0.23493504\n",
              "2   1.1234203  0.536910378 -1.06902478\n",
              "3  -1.1640834  1.039797098 -0.48786761\n",
              "4  -0.4619649  0.446152413 -0.65129325\n",
              "5   0.9025218 -0.628785532 -0.78158835\n",
              "6   1.5839704 -0.316288318  0.19919639\n",
              "7  -1.4052884  0.326502432 -0.06453136\n",
              "8   1.3692567  0.667825711 -0.01833198\n",
              "9   1.1376575  0.003633486 -0.15285019\n",
              "10  0.9572491 -1.560471892 -0.36527248"
            ]
          },
          "metadata": {},
          "output_type": "display_data"
        }
      ],
      "source": [
        "tib %>% select(ends_with('1'))"
      ]
    },
    {
      "cell_type": "markdown",
      "id": "3b1e0d93-2672-41ad-8b23-ae860facf7fb",
      "metadata": {
        "id": "3b1e0d93-2672-41ad-8b23-ae860facf7fb"
      },
      "source": [
        "`select(contains()):` ( )를 포함하는 열"
      ]
    },
    {
      "cell_type": "code",
      "execution_count": null,
      "id": "aab895f0-e28d-44a8-a255-b8b67dc1ec7f",
      "metadata": {
        "id": "aab895f0-e28d-44a8-a255-b8b67dc1ec7f",
        "outputId": "c24a7433-0628-4b48-8b3a-030f77e5066b"
      },
      "outputs": [
        {
          "data": {
            "text/plain": [
              "   Y1           XY1         XY2       \n",
              "1  -1.811596812  0.23493504  1.6030299\n",
              "2   0.536910378 -1.06902478 -1.1019994\n",
              "3   1.039797098 -0.48786761  1.0290672\n",
              "4   0.446152413 -0.65129325  1.7369748\n",
              "5  -0.628785532 -0.78158835  0.8885520\n",
              "6  -0.316288318  0.19919639  1.2245182\n",
              "7   0.326502432 -0.06453136  0.9955310\n",
              "8   0.667825711 -0.01833198  2.1911707\n",
              "9   0.003633486 -0.15285019  2.0136293\n",
              "10 -1.560471892 -0.36527248 -0.3761333"
            ]
          },
          "metadata": {},
          "output_type": "display_data"
        }
      ],
      "source": [
        "tib %>% select(contains('Y'))"
      ]
    },
    {
      "cell_type": "markdown",
      "id": "970119ef-e675-4c1c-9a1b-379255220fcf",
      "metadata": {
        "id": "970119ef-e675-4c1c-9a1b-379255220fcf"
      },
      "source": [
        "`select(contains(),everything()):` ( )를 포함하는 열을 맨 앞으로 이동"
      ]
    },
    {
      "cell_type": "code",
      "execution_count": null,
      "id": "2f57950a-8aac-497a-b930-25de5db30a90",
      "metadata": {
        "id": "2f57950a-8aac-497a-b930-25de5db30a90",
        "outputId": "a6933597-42f3-464e-91df-7dbe13ec7d1d"
      },
      "outputs": [
        {
          "data": {
            "text/plain": [
              "   Y1           XY1         XY2        X1         X2         \n",
              "1  -1.811596812  0.23493504  1.6030299  0.6188952 -1.47324602\n",
              "2   0.536910378 -1.06902478 -1.1019994  1.1234203 -0.13062711\n",
              "3   1.039797098 -0.48786761  1.0290672 -1.1640834  0.42950292\n",
              "4   0.446152413 -0.65129325  1.7369748 -0.4619649  0.17467744\n",
              "5  -0.628785532 -0.78158835  0.8885520  0.9025218 -1.99136259\n",
              "6  -0.316288318  0.19919639  1.2245182  1.5839704 -0.01277074\n",
              "7   0.326502432 -0.06453136  0.9955310 -1.4052884  0.25464631\n",
              "8   0.667825711 -0.01833198  2.1911707  1.3692567  1.07044367\n",
              "9   0.003633486 -0.15285019  2.0136293  1.1376575 -1.10292092\n",
              "10 -1.560471892 -0.36527248 -0.3761333  0.9572491 -0.38929943"
            ]
          },
          "metadata": {},
          "output_type": "display_data"
        }
      ],
      "source": [
        "tib %>% select(contains('Y'),everything())"
      ]
    },
    {
      "cell_type": "markdown",
      "id": "e1aa85a6-c994-4c49-ac39-b23cc830def6",
      "metadata": {
        "id": "e1aa85a6-c994-4c49-ac39-b23cc830def6"
      },
      "source": [
        "### filter"
      ]
    },
    {
      "cell_type": "code",
      "execution_count": null,
      "id": "5071bc97-46d9-466f-a0f3-2a12afbaebd6",
      "metadata": {
        "id": "5071bc97-46d9-466f-a0f3-2a12afbaebd6",
        "outputId": "c9f6ea7d-9a62-4ecd-f60a-ad6662ef9137"
      },
      "outputs": [
        {
          "data": {
            "text/plain": [
              "   X1         X2          Y1           XY1         XY2       \n",
              "1   0.6188952 -1.47324602 -1.811596812  0.23493504  1.6030299\n",
              "2   1.1234203 -0.13062711  0.536910378 -1.06902478 -1.1019994\n",
              "3  -1.1640834  0.42950292  1.039797098 -0.48786761  1.0290672\n",
              "4  -0.4619649  0.17467744  0.446152413 -0.65129325  1.7369748\n",
              "5   0.9025218 -1.99136259 -0.628785532 -0.78158835  0.8885520\n",
              "6   1.5839704 -0.01277074 -0.316288318  0.19919639  1.2245182\n",
              "7  -1.4052884  0.25464631  0.326502432 -0.06453136  0.9955310\n",
              "8   1.3692567  1.07044367  0.667825711 -0.01833198  2.1911707\n",
              "9   1.1376575 -1.10292092  0.003633486 -0.15285019  2.0136293\n",
              "10  0.9572491 -0.38929943 -1.560471892 -0.36527248 -0.3761333"
            ]
          },
          "metadata": {},
          "output_type": "display_data"
        }
      ],
      "source": [
        "tib"
      ]
    },
    {
      "cell_type": "markdown",
      "id": "e66a5a9f-720f-4331-a232-b1eba1cd0d1a",
      "metadata": {
        "id": "e66a5a9f-720f-4331-a232-b1eba1cd0d1a"
      },
      "source": [
        "`-` X2가 0보다 큰 행"
      ]
    },
    {
      "cell_type": "code",
      "execution_count": null,
      "id": "5aee94c5-b756-4cfe-8ec1-6c9b993a33da",
      "metadata": {
        "id": "5aee94c5-b756-4cfe-8ec1-6c9b993a33da",
        "outputId": "a00c03ad-7e77-4d56-c7b7-5d6cae6eda5d"
      },
      "outputs": [
        {
          "data": {
            "text/plain": [
              "  X1         X2        Y1        XY1         XY2     \n",
              "1 -1.1640834 0.4295029 1.0397971 -0.48786761 1.029067\n",
              "2 -0.4619649 0.1746774 0.4461524 -0.65129325 1.736975\n",
              "3 -1.4052884 0.2546463 0.3265024 -0.06453136 0.995531\n",
              "4  1.3692567 1.0704437 0.6678257 -0.01833198 2.191171"
            ]
          },
          "metadata": {},
          "output_type": "display_data"
        }
      ],
      "source": [
        "tib %>% filter(X2>0)"
      ]
    },
    {
      "cell_type": "markdown",
      "id": "da282a3b-3c10-405b-b318-98636e49952c",
      "metadata": {
        "id": "da282a3b-3c10-405b-b318-98636e49952c"
      },
      "source": [
        "`-` X2가 0보다 크고 XY2이 0보다 큰 행"
      ]
    },
    {
      "cell_type": "code",
      "execution_count": null,
      "id": "740e7759-9780-4ffe-b22c-dd928c350f2a",
      "metadata": {
        "id": "740e7759-9780-4ffe-b22c-dd928c350f2a",
        "outputId": "c28add1b-d99c-4747-f5b5-05ca47956ab1"
      },
      "outputs": [
        {
          "data": {
            "text/plain": [
              "  X1         X2        Y1        XY1         XY2     \n",
              "1 -1.1640834 0.4295029 1.0397971 -0.48786761 1.029067\n",
              "2 -0.4619649 0.1746774 0.4461524 -0.65129325 1.736975\n",
              "3 -1.4052884 0.2546463 0.3265024 -0.06453136 0.995531\n",
              "4  1.3692567 1.0704437 0.6678257 -0.01833198 2.191171"
            ]
          },
          "metadata": {},
          "output_type": "display_data"
        }
      ],
      "source": [
        "tib %>% filter(X2>0, XY2>0)"
      ]
    },
    {
      "cell_type": "code",
      "execution_count": null,
      "id": "a6949e03-7d72-4c9d-bb69-975e38f42592",
      "metadata": {
        "id": "a6949e03-7d72-4c9d-bb69-975e38f42592",
        "outputId": "87c7dfba-cb88-409c-cc64-2a1ffdb8a3ce"
      },
      "outputs": [
        {
          "data": {
            "text/plain": [
              "  X1         X2        Y1        XY1         XY2     \n",
              "1 -1.1640834 0.4295029 1.0397971 -0.48786761 1.029067\n",
              "2 -0.4619649 0.1746774 0.4461524 -0.65129325 1.736975\n",
              "3 -1.4052884 0.2546463 0.3265024 -0.06453136 0.995531\n",
              "4  1.3692567 1.0704437 0.6678257 -0.01833198 2.191171"
            ]
          },
          "metadata": {},
          "output_type": "display_data"
        }
      ],
      "source": [
        "tib %>% filter(X2>0 & XY2>0)"
      ]
    },
    {
      "cell_type": "markdown",
      "id": "57380fea-8033-48f9-be3b-3dfae5aac198",
      "metadata": {
        "id": "57380fea-8033-48f9-be3b-3dfae5aac198"
      },
      "source": [
        "`-` 위의 결과에서 XY를 포함하는 열을 추출"
      ]
    },
    {
      "cell_type": "code",
      "execution_count": null,
      "id": "dbd34750-1101-430b-8fb9-c0852891613b",
      "metadata": {
        "id": "dbd34750-1101-430b-8fb9-c0852891613b",
        "outputId": "c09424f5-3d80-438b-d5b1-efb81e439b5d"
      },
      "outputs": [
        {
          "data": {
            "text/plain": [
              "  XY1         XY2     \n",
              "1 -0.48786761 1.029067\n",
              "2 -0.65129325 1.736975\n",
              "3 -0.06453136 0.995531\n",
              "4 -0.01833198 2.191171"
            ]
          },
          "metadata": {},
          "output_type": "display_data"
        }
      ],
      "source": [
        "tib %>% filter(X2>0 & XY2>0) %>% select(contains(\"XY\"))"
      ]
    },
    {
      "cell_type": "markdown",
      "id": "55d82c56-5474-4e0c-83bf-cc631e1255e0",
      "metadata": {
        "id": "55d82c56-5474-4e0c-83bf-cc631e1255e0"
      },
      "source": [
        "### mutate"
      ]
    },
    {
      "cell_type": "code",
      "execution_count": null,
      "id": "a41252bd-c573-48dd-a6da-1a32552a1569",
      "metadata": {
        "id": "a41252bd-c573-48dd-a6da-1a32552a1569",
        "outputId": "6b806d6a-a33f-47bd-963b-69702e098a3c"
      },
      "outputs": [
        {
          "data": {
            "text/plain": [
              "   X1         X2          Y1           XY1         XY2       \n",
              "1   0.6188952 -1.47324602 -1.811596812  0.23493504  1.6030299\n",
              "2   1.1234203 -0.13062711  0.536910378 -1.06902478 -1.1019994\n",
              "3  -1.1640834  0.42950292  1.039797098 -0.48786761  1.0290672\n",
              "4  -0.4619649  0.17467744  0.446152413 -0.65129325  1.7369748\n",
              "5   0.9025218 -1.99136259 -0.628785532 -0.78158835  0.8885520\n",
              "6   1.5839704 -0.01277074 -0.316288318  0.19919639  1.2245182\n",
              "7  -1.4052884  0.25464631  0.326502432 -0.06453136  0.9955310\n",
              "8   1.3692567  1.07044367  0.667825711 -0.01833198  2.1911707\n",
              "9   1.1376575 -1.10292092  0.003633486 -0.15285019  2.0136293\n",
              "10  0.9572491 -0.38929943 -1.560471892 -0.36527248 -0.3761333"
            ]
          },
          "metadata": {},
          "output_type": "display_data"
        }
      ],
      "source": [
        "tib"
      ]
    },
    {
      "cell_type": "markdown",
      "id": "2dd776f4-10d5-4b7c-bdf0-ff4fc37d5f30",
      "metadata": {
        "id": "2dd776f4-10d5-4b7c-bdf0-ff4fc37d5f30"
      },
      "source": [
        "`-` 새로운 변수 추가"
      ]
    },
    {
      "cell_type": "code",
      "execution_count": null,
      "id": "979fdb18-7507-45a9-be81-f4ac3cdb5c36",
      "metadata": {
        "id": "979fdb18-7507-45a9-be81-f4ac3cdb5c36",
        "outputId": "1329aa0e-f0b9-4da8-d218-590be7469695"
      },
      "outputs": [
        {
          "data": {
            "text/plain": [
              "   X1         X2          Y1           XY1         XY2        Z         \n",
              "1   0.6188952 -1.47324602 -1.811596812  0.23493504  1.6030299 1.47324602\n",
              "2   1.1234203 -0.13062711  0.536910378 -1.06902478 -1.1019994 0.13062711\n",
